203 203 203 203 203 203 203 203 203 203 203 203 203 203 203 203 203 203 203 203 203 203 203 203 203 
203 203 203 78 78 78 78 78 78 78 78 78 78 78 78 78 78 203 203 203 203 203 203 203 203 
203 203 78 78 78 78 78 78 78 78 78 78 78 78 78 78 78 78 203 203 203 203 203 203 203 
203 203 78 78 126 126 126 126 126 126 126 78 78 78 78 78 78 78 203 203 203 54 54 203 203 
203 203 78 78 126 38 38 38 126 126 126 78 78 78 78 78 78 78 203 203 54 54 54 54 203 
203 203 78 78 126 38 38 38 126 126 126 78 78 78 78 78 78 78 203 54 54 54 80 54 203 
203 203 78 78 126 38 38 38 126 78 78 78 78 78 78 78 78 78 203 54 80 54 54 54 203 
203 78 78 78 126 38 38 126 126 78 78 78 203 203 203 203 203 203 203 54 54 54 54 203 203 
203 78 78 78 126 126 126 126 78 78 203 203 203 203 203 203 203 203 54 54 54 54 54 203 203 
203 78 78 78 126 126 126 78 78 78 203 203 253 253 253 203 203 203 54 80 54 54 54 203 203 
203 78 78 78 126 126 126 78 78 78 203 203 253 253 253 203 203 54 54 54 54 54 203 203 203 
203 78 78 78 126 126 126 78 78 78 203 203 253 253 253 203 203 203 54 54 54 203 203 203 203 
203 78 78 78 126 126 126 78 78 78 78 203 203 203 203 203 203 203 203 203 203 203 203 203 203 
203 78 78 78 126 126 126 78 78 78 78 203 203 203 126 126 126 126 203 203 203 203 203 203 203 
203 78 78 78 126 126 126 78 78 78 78 203 203 126 126 126 126 126 126 126 126 126 203 203 203 
203 78 78 78 78 78 78 78 78 78 78 203 203 126 126 126 126 126 126 72 126 126 203 203 203 
203 78 78 78 78 78 78 161 161 161 78 78 203 126 126 126 126 126 126 72 72 126 126 126 203 
203 78 78 78 78 78 161 161 161 161 161 78 203 126 126 126 126 126 72 72 72 126 126 126 203 
203 78 78 78 78 78 161 30 30 30 161 78 203 203 126 126 126 72 72 72 72 72 126 126 203 
203 78 78 78 78 78 161 30 90 30 161 78 78 203 126 126 72 72 72 72 72 72 72 126 203 
203 78 78 78 78 78 161 30 30 30 161 78 78 203 203 126 126 126 126 126 126 126 126 126 203 
203 78 78 78 78 78 161 161 161 161 161 78 78 78 203 203 126 126 126 126 126 126 126 203 203 
203 78 78 78 78 78 161 161 161 161 161 78 78 78 203 203 203 203 126 126 126 126 203 203 203 
203 203 78 78 78 78 78 78 78 78 78 78 78 78 78 203 203 203 203 203 203 203 203 203 203 
203 203 203 203 203 203 203 203 203 203 203 203 203 203 203 203 203 203 203 203 203 203 203 203 203 
